List of avaible dimension ids:
-99
-98
-97
-96
-95
-94
-93
-92
-91
-86
-85
-84
-83
-82
-81
-80
-79
-78
-77
-76
-74
-73
-72
-71
-70
-69
-68
-67
-66
-65
-64
-63
-62
-61
-60
-59
-58
-57
-56
-55
-54
-53
-52
-51
-50
-49
-48
-47
-46
-44
-43
-41
-40
-36
-35
-33
-32
-31
-30
-29
-28
-27
-26
-25
-24
-22
-21
-20
-19
-18
-17
-16
-15
-14
-13
-12
-11
-8
-7
-6
-5
-4
-3
-2
14
15
29
30
34
35
36
37
38
39
40
41
42
43
44
45
46
47
48
49
58
59
60
61
62
63
64
65
67
68
69
70
71
72
73
74
75
76
77
78
79
86
87
88
89
90
91
92
93
94
95
96
97
98
99
100
